12373000
18865000
114637000
46414000
8194999
1036000
3163000
2682000
7020000
8572000
4375000
5305000
17119000
19377000
1399000
13228000
906000
1212000
30342000
4241000
1623000
228161000
4620000
22635000
15094000
18993000
5567000
2159000
1525000
77951000
2898000
735000
18860000
37128000
70545000
8567000
11120000
1638000
21768000
9877000
626000
28222000
3441000
6612000
11651000
91632000
4341000
2035000
9103000
13796000
4598000
3295000
2387000
3586000
528000
2085000
8637000
743000
1501000
56374000
37184000
1139000
18295000
1940000
597000
3152000
3338000
5580000
1157000
3681000
948000
757000
2775000
113257000
1125000
2226000
4067000
3398000
3485000
3946000
7062000
1024000
2561000
2727000
3451000
412000
1351000
1912000
2245000
11310000
3303000
1561000
3922000
846000
779000
1693000
8323000
1712000
15188000
5826000
617000
2911000
13053000
358000
71439000
1922000
7111000
1117000
1837000
8172000
5314000
937000
19981000
60626000
10165000
1676000
3712000
4491000
757216000
2763000
11289000
884000
3691000
4696000
1899000
1738000
1571000
2231000
3802000
4570000
4752000
1561000
13136000
110553000
408000
934000
34697000
2704000
2177000
12949000
4436000
10721000
5571000
9140000
1848000
7294000
1360000
1519000
1337000
2024000
1264000
19953000
15549000
26505000
880000
5901000
2215000
1558000
2068000
5627000
1263000
7110000
1197000
553000
1626000
21926000
3338000
1866000
21348000
12791000
83723000
11261000
301584000
9440000
8679000
8528000
1907000
11572000
11392000
3027000
352000
1857000
4293000
29830000
37204000
5744000
44081000
3133000
3063000
2648000
481332000
6657000
2323000
1364000
10416000
31800000
14953000
47680000
478000
6447000
5193000
9924000
6166000
2740000
1029000
3732000
1238000
3536000
515999
6910000
14897000
10161000
5526000
2246000
158374000
4715000
1777000
833000
22674000
1707000
22932000
577000
2193000
4418000
3477000
4508000
303421000
8692000
16697000
872000
12037000
936000
10338000
7804000
28013000
156044000
3371000
999000
3189000
61385000
153621000
15267000
5441000
2754000
2066999
1404000
987000
1340000
2082000
20455000
1771000
2356000
3651000
7242000
10184000
3269000
3551000
871000
2332000
20105000
1265000
7635000
1578000
459000
356000
4884000
1150000
2148000
1718000
9186000
5529000
12876000
14660000
907000
4002999
5920000
505000
721000
7424000
6223000
400904000
2237000
1075000
107025000
3758000
17249000
20352000
6478000
8418000
5497000
185654000
6700000
221177000
14716000
2083000
1061000
2673000
15047000
162627000
680000
6381000
4136000
10821000
4821000
605000
3803000
459000
5200000
3018000
6105000
598000
7220000
7830000
8839000
1940000
4711000
1426000
1284000
605000
541000
526000
1401000
58901000
19699000
3038000
15850000
20415000
86717000
2208000
328000
2969000
3501000
4146999
179484000
3238000
886000
24537000
16222000
7873000
3124000
1988000
5379000
106400000
1563000
1655000
1039000
33178000
2581000
5814000
1038000
2682000
41537000
3624000
2743000
68804000
45271000
264739000
10124000
883000
15699999
6994000
251180000
3106000
1325000
4682000
19688000
51554000
12666000
9549000
4692000
1096000
1196000
32071000
483000
34953000
4381000
1981000
4752000
4792000
2619000
10941000
320000
963000
484000
730000
65226999
33806000
539000
4719000
185039000
15021000
1794000
661000
6865000
31788999
3642000
14374000
93445000
2531000
12446000
2275000
1977000
6587000
6629000
2449000
1432000
4241000
6616000
972618000
5216000
227156000
1089000
29671000
4317000
14094000
5314000
4087000
1877000
967000
1986000
4265000
3737000
1139000
2707000
12364000
17042000
12021000
12235000
857000
36998000
4795000
3022000
322000
35089000
1655000
11697000
1753000
374000
1913000
1270000
3372000
4769000
31508000
26109000
1487000
441000
3253000
4714000
70254000
2903000
1955000
15834000
8900000
7514000
8371999
12415000
1039999
530000
4229000
1119000
9232000
13021000
3354000
10354000
1525000
4478000
6836000
744000
2875000
1634000
10871000
3598000
1087000
11041000
2431000
3726000
2417000
5965000
4573000
938000
11448000
13698000
1597000
998000
787000
306000
6513000
4527000
5062000
21032000
7313000
72003000
2574000
1486000
2169000
306348000
6782000
565386000
2728000
6341000
370845000
1304000
5965000
4863000
2568000
935000
487000
1044000
2687000
860000
81789000
2198000
7778000
10053000
2217000
37531000
29925000
83178000
2268000
579000
5208000
91275000
17930000
5205000
26008000
5705000
15218000
14470000
1974000
9732000
616000
1910000
1761000
9629000
38452000
12553000
6880000
1563000
1158000
48134000
2313000
2569000
1504000
13128000
1105000
481000
1230000
2762000
1774000
13090000
17866000
675000
434000
1255000
1308000
28221000
2014000
105835000
10402000
2438000
2285000
13066000
10327000
13261000
1925000
5229000
770000
887000
439000
14049000
118057000
445858000
3260000
3270000
1590000
5683000
1807000
2050999
5288000
4783000
7251000
16756000
306000
455000
23312000
1147000
9557000
2716000
2524000
811000
4075999
1790000
134006999
3416000
8239000
13261000
465000
454000
356000
1024000
17272000
12928000
3119000
4903000
16559999
1195000
920000
20196000
51825000
205251000
3671000
2138000
2754000
221120000
56585000
8343000
21284000
832000
2660000
410030000
372000
575000
2029000
6326000
22193000
2309000
1118000
244000
1044000
2548000
13096000
15858000
7887999
4979000
2905000
773000
4685000
1460000
1151000
2679000
4244000
2487000
5735000
1660000
368000
1263000
521000
4494000
531000
1688000
2351000
2752000
2221000
2746000
5102000
4305000
5370000
1873000
47397000
3349000
6866000
1083000
90409000
64115000
4832000
6271000
2457000
5533000
9925000
18546000
29263000
15413000
990000
4113000
2696000
17511000
2231000
5251000
206000
3418000
592000
629000
18708000
3782000
2191000
1187000
1484000
2251000
1950000
3144000
1494000
1749000
7706000
4808000
2102000
1094000
3447000
1312000
1721000
8972000
542000
13358000
17988000
1487000
910000
7092000
949000
515000
8954000
2552000
13753000
5931000
279090000
1826000
21444000
21183000
2600000
14883000
1884000
57443000
1677000
1249000
30603000
721000
14396000
11232000
14709000
11095000
2529000
3182000
1316000
13079000
2982000
11467000
563000
1768000
3243000
8406000
93228000
82305000
1386000
5652000
4233000
5618000
384000
219000
21919000
295000
526000
768000
38929000
7034000
6286000
97613000
206392000
12130000
2047000
16933000
193000
2845000
1334000
2713000
8092999
3578000
623000
811000
461000
2267000
3113000
2245000
136630000
981000
26112000
2847000
7922999
20507000
860000
1811000
687000
1964000
76486000
1123000
11896000
553000
395000
3589000
1559000
3098000
1292000
635000
23625000
2213000
19929000
444000
4428000
2180000
5205000
48362000
6413000
5545000
6116000
282000
399000
19852000
19027000
268000
1311000
3190000
2476000
671000
417000
826979000
3911999
14801000
657000
2732000
13667000
9232000
3265000
1554000
13966000
426066000
1316000
2604000
341000
1669000
42962000
5778000
2431000
4435000
15306000
3030000
3006000
8527000
434000
1010000
1317000
54654000
493557000
2585000
766000
4335000
6269000
24578000
1329000
7665000
5742000
20171000
622000
1592000
